            1080 325
            939 295
            902 267
            892 242
            892 162
            880 123
            855 101
            808 90
            767 90
            728 108
            704 137
            660 212
            597 220
            569 202
            561 104
            537 73
            514 68
            453 68
            416 78
            407 110
            393 182
            351 247
            167 273
            109 300
            82 338
            86 377            
            121 397
            616 429
            662 432
            700 462
            721 508
            692 552
            336 518
            142 508
            103 537
            103 587
            133 616
            361 633
            509 655
            664 669
            729 683
            774 800
            